1.847727026939392090e+02
5.706360915303230286e+01
5.022026920318603516e+01
3.318714880943298340e+01
3.941887474060058594e+01
3.151770782470703125e+01
3.533273649215698242e+01
2.053661727905273438e+01
1.736609363555908203e+01
2.297404098510742188e+01
5.425858974456787109e+00
4.857001304626464844e+00
-9.598114490509033203e+00
-1.287853050231933594e+01
-1.107796275615692139e+01
-1.713528537750244141e+01
-1.625958251953125000e+01
-2.315651130676269531e+01
-2.904479980468750000e+01
-3.163858842849731445e+01
-2.839864158630371094e+01
7.101411998271942139e+01
1.018759005479514599e+02
9.646941202878952026e+01
9.473611283302307129e+01
7.083162760734558105e+01
8.980355846881866455e+01
7.777486991882324219e+01
7.626100718975067139e+01
6.970569920539855957e+01
6.753750276565551758e+01
4.629498577117919922e+01
5.997591066360473633e+01
4.803901767730712891e+01
4.801694202423095703e+01
3.342892456054687500e+01
1.568363761901855469e+01
2.479329299926757812e+01
9.730360031127929688e+00
7.740915298461914062e+00
6.648163318634033203e+00
2.436422348022460938e+00
-3.105891346931457520e+00
-2.071007418632507324e+01
-9.424928188323974609e+00
3.384388017654418945e+01
4.115254592895507812e+01
6.218262147903442383e+01
3.834868621826171875e+01
3.547832679748535156e+01
2.114907169342041016e+01
1.326382255554199219e+01
5.270223617553710938e-01
1.396582365036010742e+00
6.264926671981811523e+00
-8.463088274002075195e+00
-9.643759012222290039e+00
-1.831595802307128906e+01
-2.036742877960205078e+01
-2.826890182495117188e+01
-2.420852422714233398e+01
-2.869999432563781738e+01
-4.777297115325927734e+01
-5.562770605087280273e+01
-4.889997577667236328e+01
-7.478624248504638672e+01
-4.913921940326690674e+01
-7.422003781795501709e+01
-7.890797519683837891e+01
-3.810636997222900391e+00
-4.083956003189086914e+00
-2.585475397109985352e+01
-1.078439426422119141e+01
-9.834557533264160156e+00
-2.292344093322753906e+01
-3.714637136459350586e+01
-4.066729164123535156e+01
-5.208614468574523926e+01
-5.210416698455810547e+01
-5.388210391998291016e+01
-5.483979159593582153e+01
8.082790851593017578e+01
1.130059146583080292e+02
1.067715018987655640e+02
1.084010589122772217e+02
9.980265469849109650e+01
8.746139025688171387e+01
9.335126209259033203e+01
9.240557563304901123e+01
8.850951620936393738e+01
6.944759273529052734e+01
7.294247364997863770e+01
6.495669627189636230e+01
-1.276000000000000000e+03
4.995299243927001953e+01
3.987687921524047852e+01
4.854446363449096680e+01
1.514499425888061523e+01
1.625072765350341797e+01
1.732649517059326172e+01
1.533128786087036133e+01
1.178172969818115234e+01
1.115818881988525391e+01
-1.278236478567123413e+01
2.513480186462402344e-02
-1.415577602386474609e+01
-1.729723834991455078e+01
-1.148610115051269531e+01
-2.100820779800415039e+01
-2.586860728263854980e+01
-2.565573596954345703e+01
-2.551455688476562500e+01
-3.551762056350708008e+01
-4.489741706848144531e+01
-5.316388845443725586e+01
-6.540190410614013672e+01
-5.080216026306152344e+01
5.641776025295257568e+01
9.809268426895141602e+01
8.551576185226440430e+01
7.327835690975189209e+01
6.961552333831787109e+01
5.641191244125366211e+01
6.155773401260375977e+01
6.880322456359863281e+01
5.791293144226074219e+01
4.733150005340576172e+01
5.036689615249633789e+01
3.631608819961547852e+01
3.727719211578369141e+01
3.784050369262695312e+01
3.875616550445556641e+01
2.781827068328857422e+01
2.069920825958251953e+01
1.399543762207031250e+01
5.866657733917236328e+00
-3.753799438476562500e+00
-1.168207871913909912e+01
8.586990162730216980e+00
3.219951272010803223e+00
-2.358187723159790039e+01
2.712986946105957031e+00
1.103508982658386230e+02
1.121639111042022705e+02
1.086194012165069580e+02
1.112589069604873657e+02
1.027495938539505005e+02
1.097612015902996063e+02
1.039935233891010284e+02
1.276523033976554871e+02
9.922021865844726562e+01
9.890522146224975586e+01
9.010027074813842773e+01
7.380559730529785156e+01
6.171770143508911133e+01
6.913526868820190430e+01
5.921304178237915039e+01
2.961721849441528320e+01
3.472656965255737305e+01
2.969301795959472656e+01
2.644407558441162109e+01
1.932985353469848633e+01
8.826037406921386719e+00
9.041545391082763672e-01
-1.285065281391143799e+01
-1.363079845905303955e+01
-2.568075990676879883e+01
-2.059261560440063477e+01
-3.652986907958984375e+01
-4.591807365417480469e+01
-3.708595705032348633e+01
-3.890569305419921875e+01
-5.705710029602050781e+01
-6.429214382171630859e+01
-4.841890561580657959e+01
-1.060921044349670410e+02
-1.064523167610168457e+02
6.036611270904541016e+01
9.635209417343139648e+01
8.544327020645141602e+01
9.188740511983633041e+01
7.428197044134140015e+01
5.400227570533752441e+01
4.593738412857055664e+01
5.460886621475219727e+01
4.249304246902465820e+01
2.303930950164794922e+01
1.847434234619140625e+01
2.286014556884765625e-01
-1.276000000000000000e+03
8.155273461341857910e+01
8.650231742858886719e+01
8.452710080146789551e+01
6.078500843048095703e+01
5.836290240287780762e+01
5.104326677322387695e+01
4.961869955062866211e+01
3.651077365875244141e+01
4.945048904418945312e+01
5.148455762863159180e+01
2.837740325927734375e+01
3.761343908309936523e+01
1.271592521667480469e+01
1.609372234344482422e+01
1.641042184829711914e+01
9.538886547088623047e+00
-2.895299673080444336e+00
-4.414876580238342285e+00
-1.802883172035217285e+01
-3.241406250000000000e+01
-1.898260068893432617e+01
-1.296825742721557617e+01
-1.649039125442504883e+01
7.686947959661483765e+01
7.232392686605453491e+01
4.980794715881347656e+01
4.530480098724365234e+01
5.185056877136230469e+01
5.341695022583007812e+01
3.635497903823852539e+01
2.191904830932617188e+01
2.455394554138183594e+01
2.370036077499389648e+01
2.210498142242431641e+01
1.091154813766479492e+01
-3.964719772338867188e+00
1.026009798049926758e+01
-1.605503781139850616e+01
-7.156665533781051636e+00
-2.021892058849334717e+01
-3.161323356628417969e+01
-2.930079460144042969e+01
-2.941018199920654297e+01
-4.379926395416259766e+01
-5.853965330123901367e+01
-6.024652194976806641e+01
-4.573039269447326660e+01
1.956559228897094727e+01
9.851643872261047363e+01
8.370858979225158691e+01
8.498386645317077637e+01
6.196282637119293213e+01
6.176303434371948242e+01
7.267608851194381714e+01
5.301774597167968750e+01
5.308575868606567383e+01
4.452560520172119141e+01
4.514599084854125977e+01
4.079010248184204102e+01
2.329269790649414062e+01
4.039352083206176758e+01
2.164751625061035156e+01
1.385315990447998047e+01
7.496503353118896484e+00
5.068182468414306641e+00
3.377382993698120117e+00
-1.801171740889549255e+01
-2.758793091773986816e+01
2.355852365493774414e+01
-2.769806623458862305e+01
-5.059948062896728516e+01
-3.512376403808593750e+01
-5.507758045196533203e+01
-5.192637300491333008e+01
-5.018115663528442383e+01
-6.295765972137451172e+01
-7.092728000879287720e+01
-8.008744496107101440e+01
-8.107793867588043213e+01
-8.710505843162536621e+01
-1.068710098266601562e+02
-1.151909732818603516e+02
-9.406076574325561523e+01
1.148598874807357788e+02
8.410527372360229492e+01
6.582352972030639648e+01
5.721842527389526367e+01
4.318387269973754883e+01
5.337274217605590820e+01
3.241655683517456055e+01
3.106119489669799805e+01
1.043725585937500000e+01
1.400882577896118164e+01
1.279316759109497070e+01
6.359342098236083984e+00
-1.276000000000000000e+03
3.967331981658935547e+01
3.597867441177368164e+01
3.429626798629760742e+01
1.339267063140869141e+01
1.487051677703857422e+01
-4.289828777313232422e+00
-1.130853462219238281e+01
-1.227462077140808105e+01
-1.040573185682296753e+01
-9.711951017379760742e+00
-3.680058646202087402e+01
-2.752120256423950195e+01
-3.043567347526550293e+01
-4.162582421302795410e+01
-4.270806264877319336e+01
-2.668540191650390625e+01
-3.028437423706054688e+01
-5.231859874725341797e+01
-5.849054932594299316e+01
-7.523806667327880859e+01
-8.863465194404125214e+01
-7.244661164283752441e+01
-8.966855525970458984e+01
5.996953964233398438e+00
3.930704259872436523e+01
2.424729633331298828e+01
2.835407018661499023e+01
1.356175327301025391e+01
7.789170265197753906e+00
7.824371337890625000e+00
-5.271090507507324219e+00
5.897500097751617432e+01
-1.417800188064575195e+01
-1.572641241550445557e+01
-2.393043863028287888e+01
-2.506550431251525879e+00
-3.360559746623039246e+01
-2.556552124023437500e+01
-4.268540191650390625e+01
-3.880584430694580078e+01
-4.258341455459594727e+01
-4.808601093292236328e+01
-5.236488819122314453e+01
-5.513993358612060547e+01
-6.642903470993041992e+01
-6.305979061126708984e+01
-6.117409062385559082e+01
4.229702401161193848e+01
8.022414112091064453e+01
7.142508459091186523e+01
5.782755368575453758e+01
6.522727844119071960e+01
5.606132972240447998e+01
4.226578807830810547e+01
5.712014722824096680e+01
3.068564963340759277e+01
3.243257188796997070e+01
3.954225254058837891e+01
3.432630062103271484e+01
2.448096656799316406e+01
1.271215867996215820e+01
1.231446743011474609e+00
-3.457193374633789062e+00
-1.337255287170410156e+01
-7.953113079071044922e+00
-1.383209872245788574e+01
6.757431030273437500e-01
-1.873841161280870438e+01
-3.337715673446655273e+01
-3.902636432647705078e+01
-3.362455224990844727e+01
-2.792681884765625000e+01
-4.883327817916870117e+01
-4.630756187438964844e+01
-3.936378955841064453e+01
-4.229653215408325195e+01
-6.787667751312255859e+01
-6.892953491210937500e+01
-7.683732199668884277e+01
-8.816639110445976257e+01
-1.012903420925140381e+02
-1.131707124710083008e+02
-9.014718770980834961e+01
4.674904966354370117e+01
9.054249858856201172e+01
8.324209237098693848e+01
8.352901802584528923e+01
8.798192071914672852e+01
7.899394893646240234e+01
6.990367388725280762e+01
6.223488688468933105e+01
7.415472269058227539e+01
6.264818537235260010e+01
6.796278595924377441e+01
5.174077653884887695e+01
-1.276000000000000000e+03
5.979836940765380859e+01
9.543400263786315918e+01
9.291371750831604004e+01
9.201805603504180908e+01
8.329692173004150391e+01
8.851752585172653198e+01
1.565553044974803925e+02
8.670456147193908691e+01
7.574511957168579102e+01
7.245635163784027100e+01
7.236434650421142578e+01
5.703064477443695068e+01
5.641393613815307617e+01
5.406852686405181885e+01
5.236174845695495605e+01
4.859095501899719238e+01
5.406121945381164551e+01
4.050410079956054688e+01
4.555635261535644531e+01
4.007023096084594727e+01
3.375765037536621094e+01
3.566178798675537109e+01
2.860619068145751953e+01
2.406423902511596680e+01
2.568572664260864258e+01
2.507763433456420898e+01
2.774536514282226562e+01
2.470794725418090820e+01
1.928618144989013672e+01
1.562137556076049805e+01
2.821924781799316406e+01
2.967633724212646484e+01
3.870257265865802765e+01
4.998339684493839741e+01
8.148070096969604492e+01
5.691622424125671387e+01
7.055604684352874756e+01
6.538706588745117188e+01
8.332090711593627930e+01
8.853279352188110352e+01
9.924746513366699219e+01
1.135474348068237305e+02
1.229876236915588379e+02
1.332905740737915039e+02
1.410367150306701660e+02
1.540462388992309570e+02
1.708801589012145996e+02
2.374365820884704590e+02
3.611818117350339890e+02
3.865403711795806885e+02
4.114317574501037598e+02
4.661694812774658203e+02
5.392451343536376953e+02
6.741268978118896484e+02
8.232075662612915039e+02
9.747204713821411133e+02
1.151359496593475342e+03
1.337659128665924072e+03
1.558151163578033447e+03
1.824727535724639893e+03
2.125076441764831543e+03
2.483519069671630859e+03
2.909342043399810791e+03
3.345900933265686035e+03
3.851090319633483887e+03
4.394530013084411621e+03
4.954744947433471680e+03
5.585608929634094238e+03
6.238078640937805176e+03
6.923796195507049561e+03
7.819095867633819580e+03
8.745588851451873779e+03
9.745071735143661499e+03
1.102612587141990662e+04
1.216952318692207336e+04
1.347960071063041687e+04
1.487901379203796387e+04
1.625952281618118286e+04
1.756439154785871506e+04
1.933317013525962830e+04
2.093877473473548889e+04
2.247387583279609680e+04
2.426422807288169861e+04
2.646754660701751709e+04
2.807296253776550293e+04
3.083659021472930908e+04
3.217937328052520752e+04
3.411725927829742432e+04
3.704018642616271973e+04
3.784606507587432861e+04
3.992972029304504395e+04
4.218891295957565308e+04
4.164300944328308105e+04
4.297144197797775269e+04
4.410098195862770081e+04
-1.276000000000000000e+03
4.569889021690189838e+04
4.486030587482452393e+04
4.405452712726593018e+04
4.507613630962371826e+04
4.378533552122116089e+04
4.363924430584907532e+04
4.391289353847503662e+04
4.187664368247985840e+04
4.224893333721160889e+04
4.400370405673980713e+04
4.195473138952255249e+04
4.316000714015960693e+04
4.407699715471267700e+04
4.180081695175170898e+04
4.310237662029266357e+04
4.128395752334594727e+04
3.974096424484252930e+04
4.136000137186050415e+04
4.002878811597824097e+04
4.007509772872924805e+04
3.976171565699577332e+04
3.738737317466735840e+04
3.906078451371192932e+04
3.819391243040561676e+04
3.643346155083179474e+04
3.692048740589618683e+04
3.610066654753684998e+04
3.539640971982479095e+04
3.637268464434146881e+04
3.560174093222618103e+04
3.559489197778701782e+04
3.636588164854049683e+04
3.438987037968635559e+04
3.476299782943725586e+04
3.550696788597106934e+04
3.373664307069778442e+04
3.432200208568572998e+04
3.402342658185958862e+04
3.276056749248504639e+04
3.342878251743316650e+04
3.293914321517944336e+04
3.255656002712249756e+04
3.257014174938201904e+04
3.223632077217102051e+04
3.226073716974258423e+04
3.282735173892974854e+04
3.164006231689453125e+04
3.261184348392486572e+04
3.260156648540496826e+04
3.177351454353332520e+04
3.265573885917663574e+04
3.296813542318344116e+04
3.122288265609741211e+04
3.194002704429626465e+04
3.112384952819347382e+04
3.095665901803970337e+04
3.091263485187292099e+04
2.985289481642842293e+04
2.936891463977098465e+04
2.895710471677780151e+04
2.786763503336906433e+04
2.840742075514793396e+04
2.797869250569492579e+04
2.727518851780891418e+04
2.793662822818756104e+04
2.759271187663078308e+04
2.744406061935424805e+04
2.781011241388320923e+04
2.706904270505905151e+04
2.634466779613494873e+04
2.705321657800674438e+04
2.603674670028686523e+04
2.607113417959213257e+04
2.632786119365692139e+04
2.506755626010894775e+04
2.600296004009246826e+04
2.547477758741378784e+04
2.453158260965347290e+04
2.545765365505218506e+04
2.474647767734527588e+04
2.424368534816056490e+04
2.454966471874713898e+04
2.442867788475751877e+04
2.458277538120746613e+04
2.480117602825164795e+04
2.389408394861221313e+04
2.467284844064712524e+04
2.412109794712066650e+04
2.308622207832336426e+04
2.341068210220336914e+04
2.322994182872772217e+04
2.259237147927284241e+04
2.297123692464828491e+04
2.250551783001422882e+04
2.204223692236281931e+04
-1.276000000000000000e+03
2.261934384250640869e+04
2.273551884603500366e+04
2.280452527999877930e+04
2.212740174484252930e+04
2.215084202527999878e+04
2.196728400993347168e+04
2.094364109659194946e+04
2.140840650129318237e+04
2.138471754360198975e+04
2.095414475917816162e+04
2.130330304050445557e+04
2.089546753263473511e+04
2.059378854703903198e+04
2.091562515592575073e+04
2.031954397678375244e+04
2.025437038946151733e+04
2.049638032555580139e+04
1.972528998422622681e+04
2.024691945666074753e+04
2.022884564805030823e+04
1.974118622589111328e+04
2.021658273983001709e+04
2.011955159080028534e+04
1.940588944655656815e+04
1.991502244925498962e+04
-1.276000000000000000e+03
-1.276000000000000000e+03
-1.276000000000000000e+03
1.907112586259841919e+04
1.915509604668617249e+04
1.929507498171925545e+04
1.857257823973894119e+04
1.868667717659473419e+04
1.882762889575958252e+04
1.819882586713135242e+04
1.887077068519592285e+04
1.857345329093933105e+04
1.821522718048095703e+04
1.832392874956130981e+04
1.783022875308990479e+04
1.776267149066925049e+04
1.795114187288284302e+04
1.787418476057052612e+04
1.823059171009063721e+04
1.807368277168273926e+04
1.751653637123107910e+04
1.772451768922805786e+04
1.774751554775238037e+04
1.730001994419097900e+04
1.756382773685455322e+04
1.750225905323028564e+04
1.727485065555572510e+04
1.729017339372634888e+04
1.725190315437316895e+04
1.712077296161651611e+04
1.728405906963348389e+04
1.676365366744995117e+04
1.690102469015121460e+04
1.693103447341918945e+04
1.654992576217651367e+04
1.665529742670059204e+04
1.670504948139190674e+04
1.643717718601226807e+04
1.675435335111618042e+04
1.668742699599266052e+04
1.638240955352783203e+04
1.640451346588134766e+04
1.605189881753921509e+04
1.602850764465332031e+04
1.610346968915686011e+04
1.565843066394329071e+04
1.578825393319129944e+04
1.594634128546714783e+04
1.555921072244644165e+04
1.576824775767326355e+04
1.570385129797458649e+04
1.545574737405776978e+04
1.557758379220962524e+04
1.557638235473632812e+04
1.568782046604156494e+04
1.563793261814117432e+04
1.547763508558273315e+04
1.542309157919883728e+04
1.546709897518157959e+04
1.512807886004447937e+04
1.525998919057846069e+04
1.554320722293853760e+04
1.514902482271194458e+04
1.519070640850067139e+04
1.532154318714141846e+04
1.521895973968505859e+04
1.518778571891784668e+04
1.493345035886764526e+04
1.463188147544860840e+04
1.465048880338668823e+04
-1.276000000000000000e+03
1.452942852210998535e+04
1.453648297023773193e+04
1.442273269128799438e+04
1.425105437040328979e+04
1.431740445256233215e+04
1.414583116149902344e+04
1.412424786758422852e+04
1.405427585315704346e+04
1.405255282688140869e+04
1.409654791545867920e+04
1.391827324962615967e+04
1.385806851291656494e+04
1.387631166839599609e+04
1.371795784711837769e+04
1.386727784156799316e+04
1.385849875307083130e+04
1.368237369251251221e+04
1.380919814968109131e+04
1.387556798362731934e+04
1.359757082223892212e+04
1.389545628046989441e+04
1.385577556037902832e+04
1.364395450854301453e+04
1.365363389825820923e+04
1.357704180854558945e+04
1.347501041465997696e+04
1.337188850319385529e+04
1.319459263706207275e+04
1.329263476467132568e+04
1.337515880393981934e+04
1.319866243743896484e+04
1.323371692943572998e+04
1.339615305137634277e+04
1.329156466484069824e+04
1.327276570653915405e+04
1.317621848297119141e+04
1.308007618761062622e+04
1.303067234611511230e+04
1.287404929018020630e+04
1.304147888028621674e+04
1.290009850740432739e+04
1.288779993659257889e+04
1.286492268532514572e+04
1.308512411105632782e+04
1.278315927600860596e+04
1.285433753395080566e+04
1.282174682617187500e+04
1.269497071933746338e+04
1.283010758781433105e+04
1.283438333034515381e+04
1.281664751243591309e+04
1.308432242488861084e+04
1.290755693244934082e+04
1.279976671791076660e+04
1.286684770774841309e+04
1.256334877437353134e+04
1.260884292995929718e+04
1.275860286983847618e+04
1.247543839532136917e+04
1.244630678284168243e+04
1.259357148838043213e+04
1.231577579545974731e+04
1.225339080667495728e+04
1.218986249363422394e+04
1.193725911808013916e+04
1.207319188594818115e+04
1.193664407539367676e+04
1.197342868804931641e+04
1.190892867565155029e+04
1.177925205612182617e+04
1.169916201257705688e+04
1.168702831745147705e+04
1.154504400110244751e+04
1.158801590204238892e+04
1.167992282879352570e+04
1.153916097068786621e+04
1.147714115381240845e+04
1.144241685342788696e+04
1.136952143025398254e+04
1.147935105693340302e+04
1.136041462242603302e+04
1.129212838050350547e+04
1.143725489020347595e+04
1.120670103549957275e+04
1.137402837944030762e+04
1.130604731893539429e+04
1.112836757564544678e+04
1.125080939292907715e+04
1.120193170881271362e+04
1.098921099758148193e+04
1.096302942109107971e+04
1.084573576915264130e+04
1.077944725227355957e+04
1.076219546842575073e+04
1.064181698703765869e+04
-1.276000000000000000e+03
1.078017790460586548e+04
1.077361614871025085e+04
1.074051851844787598e+04
1.069606301021575928e+04
1.055880900764465332e+04
1.064124069356918335e+04
1.055608442163467407e+04
1.039367410087585449e+04
1.039917766714096069e+04
1.033295146226882935e+04
1.034400884437561035e+04
1.047883254814147949e+04
1.017564305591583252e+04
1.022297634840011597e+04
1.032519288778305054e+04
1.014456096076965332e+04
1.025290085554122925e+04
1.017687197685241699e+04
1.005316027593612671e+04
1.018745857453346252e+04
1.019380047941207886e+04
1.011201718711853027e+04
1.018075753283500671e+04
9.995415566086769104e+03
1.007462812638282776e+04
1.013834560203552246e+04
1.004122114825248718e+04
1.003456168889999390e+04
1.012762948036193848e+04
1.008141932010650635e+04
1.017324218654632568e+04
9.947192332267761230e+03
9.831033563137054443e+03
9.848336543083190918e+03
9.781490243911743164e+03
9.764419238567352295e+03
9.817677395343780518e+03
9.687357337236404419e+03
9.656929029464721680e+03
9.715039084851741791e+03
9.647504246234893799e+03
9.632815320968627930e+03
9.679832608222961426e+03
9.639662983417510986e+03
9.615317152976989746e+03
9.612805082321166992e+03
9.593329658508300781e+03
9.482196795463562012e+03
9.425990929603576660e+03
9.450167506217956543e+03
9.535197908401489258e+03
9.564861004352569580e+03
9.601020727805793285e+03
9.485084407687187195e+03
9.331523524522781372e+03
9.338111786127090454e+03
9.379582050085067749e+03
9.310937194650061429e+03
9.399470453977584839e+03
9.301485050201416016e+03
9.197155780315399170e+03
9.220297436237335205e+03
9.195953135967254639e+03
9.174625436782836914e+03
9.178366324424743652e+03
9.123612561702728271e+03
9.140379846811294556e+03
9.164246921300888062e+03
9.082304377079010010e+03
9.034456041097640991e+03
9.021008746147155762e+03
8.815365304946899414e+03
8.891215046882629395e+03
8.798859550476074219e+03
8.766993473052978516e+03
8.814356297969818115e+03
8.760581612110137939e+03
8.686629373550415039e+03
8.673825806498527527e+03
8.664498465061187744e+03
8.665042509555816650e+03
8.777964934825897217e+03
8.799728900909423828e+03
8.891810309410095215e+03
8.897815080642700195e+03
8.773258904933929443e+03
8.734863071799278259e+03
8.704640765190124512e+03
8.672869843721389771e+03
8.726442492008209229e+03
8.746392791748046875e+03
8.605815773963928223e+03
8.523547077834606171e+03
8.414918911218643188e+03
8.431798646211624146e+03
-1.276000000000000000e+03
8.443926128387451172e+03
8.327788291931152344e+03
8.355657958984375000e+03
8.297664875984191895e+03
8.320418875694274902e+03
8.313902379035949707e+03
8.314538560152053833e+03
8.333617002367973328e+03
8.318596578836441040e+03
8.279399834007024765e+03
8.365979911804199219e+03
8.264253221988677979e+03
8.245835501909255981e+03
8.275228910207748413e+03
8.211984008073806763e+03
8.147136255443096161e+03
8.105257531046867371e+03
8.209829782962799072e+03
8.230742180824279785e+03
8.150888539314270020e+03
8.152483342647552490e+03
8.130114959716796875e+03
8.032215345382690430e+03
8.032415378093719482e+03
8.051970388889312744e+03
7.966978471279144287e+03
8.023096324086189270e+03
7.968933659791946411e+03
8.042402999401092529e+03
7.961815959427505732e+03
7.816458262681961060e+03
7.754203703403472900e+03
7.748466409921646118e+03
7.651940522432327271e+03
7.695589790821075439e+03
7.715051077842712402e+03
7.593550207138061523e+03
7.681766900062561035e+03
7.642316549301147461e+03
7.582521978378295898e+03
7.666802483081817627e+03
7.687902791500091553e+03
7.648366023540496826e+03
7.739148550748825073e+03
7.670067362070083618e+03
7.643324462175369263e+03
7.749711292028427124e+03
7.455840142846107483e+03
7.501257271975278854e+03
7.536848173782229424e+03
7.413893807530403137e+03
7.501382579687982798e+03
7.517764546871185303e+03
7.413548943042755127e+03
7.532718973159790039e+03
7.438096484184265137e+03
7.291657282829284668e+03
7.473765802383422852e+03
7.326424784660339355e+03
7.316606101512908936e+03
7.485981502056121826e+03
7.372151711940765381e+03
7.357117821693420410e+03
7.422701982498168945e+03
7.262422829732298851e+03
7.333129310756921768e+03
7.363660036563873291e+03
7.214938868522644043e+03
7.280639439582824707e+03
7.275761039733886719e+03
7.175544670104980469e+03
7.245359404563903809e+03
7.200859251022338867e+03
7.106527316093444824e+03
7.245614878177642822e+03
7.126265615463256836e+03
7.125128907203674316e+03
7.152906391143798828e+03
7.041226727724075317e+03
7.012660197973251343e+03
7.074870447874069214e+03
6.924065664649009705e+03
6.929595319032669067e+03
7.012000713348388672e+03
6.895277626037597656e+03
6.964979827880859375e+03
6.986924622654914856e+03
6.833740837812423706e+03
6.898482663393020630e+03
6.950763987541198730e+03
6.812984539389610291e+03
6.910920913457870483e+03
6.966506104946136475e+03
6.802495557785034180e+03
6.847306274414062500e+03
-1.276000000000000000e+03
6.706156029939651489e+03
6.861227157115936279e+03
6.831967177391052246e+03
6.696758991360664368e+03
6.860976935029029846e+03
6.838808139801025391e+03
6.756416464567184448e+03
6.929799899339675903e+03
6.770090590953826904e+03
6.615740185260772705e+03
6.888197538375854492e+03
6.637345433235168457e+03
6.683323297500610352e+03
6.956062293529510498e+03
6.620878892898559570e+03
6.683483415126800537e+03
6.796579728126525879e+03
6.479920180320739746e+03
6.661698508262634277e+03
6.733720183372497559e+03
6.394986813783645630e+03
6.620774929344654083e+03
6.657268175929784775e+03
6.349448507308959961e+03
6.795159512042999268e+03
6.720417155265808105e+03
6.359782319068908691e+03
6.955025713920593262e+03
6.656880478382110596e+03
6.403100178718566895e+03
6.853875754594802856e+03
6.499594900727272034e+03
6.399786589145660400e+03
7.028729958534240723e+03
6.493381638526916504e+03
6.465514073848724365e+03
6.951601738214492798e+03
6.439137725353240967e+03
6.590390973091125488e+03
6.925763083457946777e+03
6.356823500633239746e+03
6.742340861797332764e+03
6.901268159866333008e+03
6.285968050956726074e+03
6.812196656703948975e+03
6.795358321547508240e+03
6.233848781585693359e+03
6.924347820758819580e+03
6.606008740626275539e+03
6.203915400266647339e+03
7.020803028285503387e+03
6.518356474101543427e+03
6.260679448604583740e+03
7.119896698951721191e+03
6.413023814201354980e+03
6.276723226547241211e+03
6.980563183784484863e+03
6.326613999366760254e+03
6.468475405931472778e+03
6.912789272025227547e+03
6.162316023230552673e+03
6.647706269025802612e+03
6.796976826667785645e+03
6.153050454974174500e+03
6.819748290538787842e+03
6.598243551641702652e+03
6.078459529638290405e+03
6.972122647285461426e+03
6.417998124122619629e+03
6.104269034385681152e+03
6.960093691825866699e+03
6.343146037459373474e+03
6.327028971433639526e+03
6.891890969216823578e+03
6.262093255996704102e+03
6.508119207859039307e+03
6.722182679176330566e+03
6.051091543408110738e+03
6.633892637252807617e+03
6.546758646965026855e+03
6.037611211776733398e+03
6.762527828216552734e+03
6.351872835159301758e+03
5.957060500144958496e+03
6.640858058929443359e+03
6.096478061676025391e+03
5.992548503875732422e+03
6.595996010303497314e+03
6.070929959297180176e+03
6.128782985806465149e+03
6.610993445873260498e+03
5.982889093399047852e+03
6.266614791333675385e+03
6.480039335727691650e+03
5.919810958862304688e+03
-1.276000000000000000e+03
6.277823917627334595e+03
5.810455194950103760e+03
6.449772334098815918e+03
6.114533598423004150e+03
5.809106160163879395e+03
6.469036318778991699e+03
5.989284448236227036e+03
5.883372866392135620e+03
6.504916825771331787e+03
5.914540439367294312e+03
5.993534256458282471e+03
6.347681035518646240e+03
5.811425682067871094e+03
6.082182024955749512e+03
6.177929508209228516e+03
5.707635381698608398e+03
6.186818603038787842e+03
6.062427518367767334e+03
5.662114864826202393e+03
6.217123784303665161e+03
5.896283517196774483e+03
5.697543897628784180e+03
6.246410482883453369e+03
5.796195731282234192e+03
5.685782619953155518e+03
6.180848212599754333e+03
5.641917660236358643e+03
5.737431186437606812e+03
6.046188866376876831e+03
5.549028895854949951e+03
5.913499594688415527e+03
5.940940189361572266e+03
5.539539681434631348e+03
5.946743908405303955e+03
5.807517493724822998e+03
5.422673921585083008e+03
5.909117090225219727e+03
5.563754720687866211e+03
5.377293807506561279e+03
5.918533576965332031e+03
5.434615372180938721e+03
5.455679880142211914e+03
5.922275923967361450e+03
5.410863400757312775e+03
5.528037344932556152e+03
5.802833819389343262e+03
5.408925075054168701e+03
5.669732109069824219e+03
5.707281664848327637e+03
5.331867389678955078e+03
5.678325927495956421e+03
5.510936754226684570e+03
5.282710526943206787e+03
5.707235673904418945e+03
5.414496019363403320e+03
5.245659614086151123e+03
5.673090704441070557e+03
5.272853021144866943e+03
5.265579953193664551e+03
5.709714903354644775e+03
5.270457691192626953e+03
5.395377496719360352e+03
5.660132684230804443e+03
5.180496864795684814e+03
5.431286916971206665e+03
5.450868445262312889e+03
5.121867419242858887e+03
5.452391905307769775e+03
5.279083905458450317e+03
5.087248956561088562e+03
5.507116521358489990e+03
5.180914470672607422e+03
5.069214034080505371e+03
5.585373873710632324e+03
5.102171209335327148e+03
5.068326416492462158e+03
5.413286637067794800e+03
5.050154898405075073e+03
5.125917390823364258e+03
5.288963920772075653e+03
4.949101994693279266e+03
5.146282752513885498e+03
5.160360574722290039e+03
4.855694619655609131e+03
5.241586331844329834e+03
5.088120513588190079e+03
4.865909606456756592e+03
5.330289669990539551e+03
5.021594655036926270e+03
4.904156183719635010e+03
5.355004722118377686e+03
4.937117127656936646e+03
4.948941950321197510e+03
5.289833893775939941e+03
4.894343554019927979e+03
-1.276000000000000000e+03
5.247374624252319336e+03
4.870615291595458984e+03
5.170618524551391602e+03
5.167713373661041260e+03
4.840963337898254395e+03
5.161056319713592529e+03
4.988322902679443359e+03
4.774021895900368690e+03
5.165615179657936096e+03
4.875744521141052246e+03
4.738435767889022827e+03
5.083523360252380371e+03
4.764608701944351196e+03
4.762426822185516357e+03
5.106435799598693848e+03
4.749188393115997314e+03
4.907877288818359375e+03
4.991595592021942139e+03
4.668193756818771362e+03
4.903170977115631104e+03
4.869950255870819092e+03
4.621891452789306641e+03
4.928894736051559448e+03
4.716212642133235931e+03
4.543283492088317871e+03
4.929589757800102234e+03
4.698406906604766846e+03
4.608734388351440430e+03
4.971148636341094971e+03
4.667834605693817139e+03
4.647705947399139404e+03
4.918682048797607422e+03
4.626750122070312500e+03
4.734585906982421875e+03
4.837917194247245789e+03
4.539836788535118103e+03
4.763632533311843872e+03
4.763544473990797997e+03
4.542137448430061340e+03
4.840412652492523193e+03
4.713905373573303223e+03
4.557622378349304199e+03
4.831381546020507812e+03
4.616255562305450439e+03
4.537209036111831665e+03
4.796768470525741577e+03
4.584501104831695557e+03
4.562460018157958984e+03
4.791744812965393066e+03
4.525035944938659668e+03
4.670134782791137695e+03
4.731412919044494629e+03
4.485910669803619385e+03
4.657370190441608429e+03
4.644983092308044434e+03
4.385558681860566139e+03
4.622718908518552780e+03
4.521445966839790344e+03
4.364303404331207275e+03
4.605829176425933838e+03
4.477658264636993408e+03
4.343032261371612549e+03
4.690252076834440231e+03
4.461510412931442261e+03
4.435270403385162354e+03
4.700835180282592773e+03
4.474554595470428467e+03
4.536700173377990723e+03
4.635770596504211426e+03
4.416182778477668762e+03
4.587059021234512329e+03
4.535370576858520508e+03
4.339389606475830078e+03
4.554869955539703369e+03
4.499258789539337158e+03
4.306393184900283813e+03
4.617148191422224045e+03
4.407863253355026245e+03
4.298368382573127747e+03
4.592337637364864349e+03
4.337087283372879028e+03
4.247493751525878906e+03
4.519094137191772461e+03
4.308370172977447510e+03
4.355427062034606934e+03
4.500966892719268799e+03
4.266253846406936646e+03
4.413551896333694458e+03
4.441570330832153559e+03
4.214349586486816406e+03
4.419223348617553711e+03
4.311629579544067383e+03
4.107131353378295898e+03
4.348694355964660645e+03
4.237546252250671387e+03
-1.276000000000000000e+03
4.425203979730606079e+03
4.243480775356292725e+03
4.170458022594451904e+03
4.427266102790832520e+03
4.236199783325195312e+03
4.250258915901184082e+03
4.420310257911682129e+03
4.203895131587982178e+03
4.285738745450973511e+03
4.339296563029289246e+03
4.132767026826739311e+03
4.234524619579315186e+03
4.186498420238494873e+03
4.038956043243408203e+03
4.288468259334564209e+03
4.133923346042633057e+03
4.052890801668167114e+03
4.343705843210220337e+03
4.171333502531051636e+03
4.123787542343139648e+03
4.362345042228698730e+03
4.144723159313201904e+03
4.165609773159027100e+03
4.156321419239044189e+03
3.746922966003417969e+03
3.896268383979797363e+03
3.942601033210754395e+03
3.755363143920898438e+03
3.961253259658813477e+03
3.939598196029663086e+03
3.775843549728393555e+03
3.967434207439422607e+03
3.868162016868591309e+03
3.793175100818276405e+03
4.031060573637485504e+03
3.992971270561218262e+03
3.985160295009613037e+03
4.195977258682250977e+03
4.028564300060272217e+03
4.020516715049743652e+03
4.184590831041336060e+03
3.997792683064937592e+03
4.009208155632019043e+03
4.083690659523010254e+03
3.924756708145141602e+03
4.010817468643188477e+03
4.010857457160949707e+03
3.849794133186340332e+03
4.079395688056945801e+03
3.976452510833740234e+03
3.860203279972076416e+03
4.100365110874176025e+03
3.978798233509063721e+03
3.895675961971282959e+03
4.203017513215541840e+03
3.964291017055511475e+03
3.904283744812011719e+03
4.127903289616107941e+03
3.891162882566452026e+03
3.895972108751535416e+03
4.028728288797661662e+03
3.841984679937362671e+03
3.938193313121795654e+03
3.969111254215240479e+03
3.851991906642913818e+03
4.001152456760406494e+03
3.924168168306350708e+03
3.799044412195682526e+03
4.055034866333007812e+03
3.855816721200942993e+03
3.765735372304916382e+03
3.862816525250673294e+03
3.701474663734436035e+03
3.678839245796203613e+03
3.896845696449279785e+03
3.739446050286293030e+03
3.744280249118804932e+03
3.892593046188354492e+03
3.736379901647567749e+03
3.768769839286804199e+03
3.868780032157897949e+03
3.731274544715881348e+03
3.814427180111408234e+03
3.777091247558593750e+03
3.681979963302612305e+03
3.885984062671661377e+03
3.766478329658508301e+03
3.685120162963867188e+03
3.849463475897908211e+03
3.709600125432014465e+03
3.681679020166397095e+03
3.810297296524047852e+03
3.657601413249969482e+03
3.623909584999084473e+03
3.744232885360717773e+03
-1.276000000000000000e+03
3.557868306756019592e+03
3.617082867622375488e+03
3.535522278785705566e+03
3.622608122348785400e+03
3.619123969078063965e+03
3.554006234645843506e+03
3.686449323654174805e+03
3.637006627559661865e+03
3.598564249038696289e+03
3.738029943853616714e+03
3.674281399726867676e+03
3.613865587711334229e+03
3.761730004549026489e+03
3.686169441223144531e+03
3.613904476165771484e+03
3.756313221931457520e+03
3.644614585876464844e+03
3.643467600822448730e+03
3.707113123416900635e+03
3.622852901339530945e+03
3.647751531600952148e+03
3.663251338720321655e+03
3.551990303158760071e+03
3.536678705215454102e+03
3.555213938236236572e+03
3.491599416732788086e+03
3.638896361351013184e+03
3.595217448234558105e+03
3.486082973957061768e+03
3.640670635938644409e+03
3.571836154401302338e+03
3.522577716350555420e+03
3.688793843030929565e+03
3.593841423034667969e+03
3.557358679294586182e+03
3.690862610340118408e+03
3.554837594270706177e+03
3.527056334495544434e+03
3.610842772841453552e+03
3.515424409031867981e+03
3.548193248748779297e+03
3.550168179273605347e+03
3.448912659645080566e+03
3.507515922546386719e+03
3.509868505477905273e+03
3.387031007766723633e+03
3.533929573059082031e+03
3.488689034461975098e+03
3.450782550573348999e+03
3.625398604869842529e+03
3.519459039211273193e+03
3.489952884674072266e+03
3.629870583057403564e+03
3.491261318683624268e+03
3.495881217718124390e+03
3.573596496403217316e+03
3.454933439329266548e+03
3.489270126342773438e+03
3.525399752497673035e+03
3.347315675348043442e+03
3.443191292047500610e+03
3.455300718188285828e+03
3.359719145298004150e+03
3.488398670196533203e+03
3.439623853683471680e+03
3.379317001342773438e+03
3.530527377128601074e+03
3.439284753680229187e+03
3.354387337863445282e+03
3.459144295871257782e+03
3.366494922041893005e+03
3.294083628401160240e+03
3.424140432834625244e+03
3.346681870937347412e+03
3.366447442770004272e+03
3.408529850006103516e+03
3.371362611770629883e+03
3.408341285705566406e+03
3.442205568313598633e+03
3.353824830174446106e+03
3.409767601847648621e+03
3.386068796634674072e+03
3.313247356653213501e+03
3.365995888471603394e+03
3.307017139911651611e+03
3.260333789348602295e+03
3.419422411203384399e+03
3.337313754916191101e+03
3.302931120395660400e+03
3.454272621154785156e+03
3.370974148750305176e+03
3.341661893844604492e+03
3.408756266236305237e+03
3.335622787714004517e+03
3.331597863793373108e+03
-1.276000000000000000e+03
3.215078965187072754e+03
3.272590959310531616e+03
3.265543587684631348e+03
3.217141663074493408e+03
3.326279920578002930e+03
3.292027310371398926e+03
3.211580534934997559e+03
3.384652789592742920e+03
3.298769315719604492e+03
3.233161450862884521e+03
3.369557959496974945e+03
3.293216337800025940e+03
3.264319037914276123e+03
3.375462863445281982e+03
3.278588058948516846e+03
3.297152210235595703e+03
3.360949688434600830e+03
3.267818713188171387e+03
3.300645668745040894e+03
3.322117420017719269e+03
3.231865999996662140e+03
3.283094020843505859e+03
3.255413008213043213e+03
3.176188549995422363e+03
3.309626287937164307e+03
3.242196653366088867e+03
3.176591006278991699e+03
3.297081024169921875e+03
3.214474891662597656e+03
3.146674900412559509e+03
3.270629657387733459e+03
3.205946149468421936e+03
3.139958190917968750e+03
3.214515331268310547e+03
3.144941737174987793e+03
3.148390549659729004e+03
3.203194397628307343e+03
3.163398550391197205e+03
3.197741949558258057e+03
3.201810285091400146e+03
3.165899244308471680e+03
3.216611377716064453e+03
3.178056953549385071e+03
3.133231244921684265e+03
3.208755272924900055e+03
3.151430160939693451e+03
3.075654421329498291e+03
3.134510731428861618e+03
3.118779358863830566e+03
3.083647319078445435e+03
3.117531893610954285e+03
3.109706468105316162e+03
3.088900064468383789e+03
3.137931792736053467e+03
3.108748365879058838e+03
3.085728243470191956e+03
3.077117630124092102e+03
3.089063981294631958e+03
3.084076212882995605e+03
3.091979186058044434e+03
3.092684731006622314e+03
3.124642948508262634e+03
3.082660282850265503e+03
3.026550503909587860e+03
3.049652821883559227e+03
3.058339985370635986e+03
3.003899686813354492e+03
3.009437109947204590e+03
2.985112083435058594e+03
2.919028852462768555e+03
2.953658502578735352e+03
3.005405121803283691e+03
3.029174812316894531e+03
3.067433550834655762e+03
3.035433409690856934e+03
3.023504086852073669e+03
3.027827959537506104e+03
2.976830072283744812e+03
3.005571676254272461e+03
3.006144944190979004e+03
2.922823120117187500e+03
2.952156677246093750e+03
2.956118471145629883e+03
2.851102241992950439e+03
2.971556272506713867e+03
2.944060505867004395e+03
2.925596601426601410e+03
2.974764098167419434e+03
2.957118870973587036e+03
2.953479568481445312e+03
3.007943259954452515e+03
2.957852293014526367e+03
2.928341067314147949e+03
2.948910644054412842e+03
2.899016637325286865e+03
-1.276000000000000000e+03
2.851514381170272827e+03
2.816996352672576904e+03
2.869047074794769287e+03
2.877778021454811096e+03
2.833504818558692932e+03
2.905054035782814026e+03
2.898288526773452759e+03
2.872535032987594604e+03
2.925899768829345703e+03
2.897036340713500977e+03
2.891517483234405518e+03
2.922164751052856445e+03
2.868733474254608154e+03
2.864199678361415863e+03
2.964216944217681885e+03
2.863625921845436096e+03
2.842254739731550217e+03
2.856175767183303833e+03
2.847197709083557129e+03
2.837631620407104492e+03
2.827739408493041992e+03
2.804226113319396973e+03
2.812719413757324219e+03
2.838492621898651123e+03
2.852164794921875000e+03
2.874426104426383972e+03
2.813527599632740021e+03
2.805409093379974365e+03
2.815630437135696411e+03
2.781687996864318848e+03
2.766862118244171143e+03
2.764162201881408691e+03
2.748867359161376953e+03
2.726204013824462891e+03
2.746092095375061035e+03
2.732665886878967285e+03
2.765925838291645050e+03
2.762817817211151123e+03
2.756095980644226074e+03
2.789858443260192871e+03
2.796937112808227539e+03
2.811189041614532471e+03
2.822665009498596191e+03
2.818255134701728821e+03
2.785045432269573212e+03
2.815571518659591675e+03
2.787920116066932678e+03
2.724541763067245483e+03
2.755346878290176392e+03
2.759285361528396606e+03
2.743045616626739502e+03
2.777651944637298584e+03
2.790134416580200195e+03
2.770337596893310547e+03
2.824191609859466553e+03
2.765643743038177490e+03
2.764996194362640381e+03
2.771104333639144897e+03
2.752871625900268555e+03
2.658503890514373779e+03
2.643519170284271240e+03
2.634712359428405762e+03
2.684319492340087891e+03
2.676281751155853271e+03
2.649717020511627197e+03
2.726788437604904175e+03
2.707405101537704468e+03
2.710524023532867432e+03
2.776664366245269775e+03
2.736405171871185303e+03
2.731652693748474121e+03
2.784014093399047852e+03
2.774087579250335693e+03
2.750918932199478149e+03
2.743681732296943665e+03
2.748403394162654877e+03
2.747274349689483643e+03
2.740258673965930939e+03
2.735179398536682129e+03
2.717347383499145508e+03
2.720205915451049805e+03
2.700273714065551758e+03
2.753518516540527344e+03
2.774956475734710693e+03
2.810576524734497070e+03
2.822050749778747559e+03
2.785177552223205566e+03
2.781343723863363266e+03
2.799067754983901978e+03
2.815249749004840851e+03
2.783281410694122314e+03
2.788852576732635498e+03
2.792837557792663574e+03
2.745503860473632812e+03
2.743024011611938477e+03
-1.276000000000000000e+03
2.697507563591003418e+03
2.739382478713989258e+03
2.757127746105194092e+03
2.749243435859680176e+03
2.791439115524291992e+03
2.807844919204711914e+03
2.794290172576904297e+03
2.824997751712799072e+03
2.798495750352740288e+03
2.862488527297973633e+03
2.880350045680999756e+03
2.932222191572189331e+03
2.876048421859741211e+03
2.902855537414550781e+03
2.862072666168212891e+03
2.933113722324371338e+03
2.934827791213989258e+03
2.855047337293624878e+03
2.911770685493946075e+03
2.880124437034130096e+03
2.838949518203735352e+03
2.893146961688995361e+03
2.853158603668212891e+03
2.795340448141098022e+03
2.836393122911453247e+03
2.753387101650238037e+03
2.840810652732849121e+03
2.847945732116699219e+03
2.760946070671081543e+03
2.864206040382385254e+03
2.857069868087768555e+03
2.792198330461978912e+03
2.872392413735389709e+03
2.819385478258132935e+03
2.799758867740631104e+03
2.878372728347778320e+03
2.820319027900695801e+03
2.796568931579589844e+03
2.837566676616668701e+03
2.778502606749534607e+03
2.786945550203323364e+03
2.774593980371952057e+03
2.742454042434692383e+03
2.759826051712036133e+03
2.719057742118835449e+03
2.701809003591537476e+03
2.752342396259307861e+03
2.737518388032913208e+03
2.712486827611923218e+03
2.779527229547500610e+03
2.720356526434421539e+03
2.684269363671541214e+03
2.726728954315185547e+03
2.680272562265396118e+03
2.644700604438781738e+03
2.680483573913574219e+03
2.646218284606933594e+03
2.620254962921142578e+03
2.635214286804199219e+03
2.616628211975097656e+03
2.643400194108486176e+03
2.659394566535949707e+03
2.633217527151107788e+03
2.644233031749725342e+03
2.610675586223602295e+03
2.593722287416458130e+03
2.629905968189239502e+03
2.611105419903993607e+03
2.674572227001190186e+03
2.579685323238372803e+03
2.547649942874908447e+03
2.491792803645133972e+03
2.540278320312500000e+03
2.535641369223594666e+03
2.520541143447160721e+03
2.540512623190879822e+03
2.538500832080841064e+03
2.524734341621398926e+03
2.545977862358093262e+03
2.505717424929141998e+03
2.487134256256744266e+03
2.509333856664597988e+03
2.485785426735877991e+03
2.476368097960948944e+03
2.441919209003448486e+03
2.432706733703613281e+03
2.449375989556312561e+03
2.459961165308952332e+03
2.445855349063873291e+03
2.474495016098022461e+03
2.457112186908721924e+03
2.427837742090225220e+03
2.447210237532854080e+03
2.408767919719219208e+03
2.366526727437973022e+03
-1.276000000000000000e+03
2.375338127136230469e+03
2.346430211544036865e+03
2.363405648469924927e+03
2.366332017838954926e+03
2.378376688003540039e+03
2.404152243494987488e+03
2.393476918697357178e+03
2.409252488136291504e+03
2.433161034584045410e+03
2.394384340524673462e+03
2.403680434584617615e+03
2.372499924182891846e+03
2.350176833629608154e+03
2.372623318918049335e+03
2.415187716484069824e+03
2.368142920970916748e+03
2.406014708995819092e+03
2.403962472915649414e+03
2.387167952537536621e+03
2.409042875051498413e+03
2.429642965793609619e+03
2.402620512247085571e+03
2.432976812124252319e+03
2.419148427486419678e+03
2.399368255376815796e+03
2.442571518659591675e+03
2.428349662780761719e+03
2.437786706447601318e+03
2.466297266960144043e+03
2.435780557155609131e+03
2.442817024588584900e+03
2.511572616338729858e+03
2.430231224060058594e+03
2.448332826256752014e+03
2.520292506337165833e+03
2.362103892326354980e+03
2.430747338294982910e+03
2.464087440490722656e+03
2.404990504264831543e+03
2.486487750053405762e+03
2.516229533195495605e+03
2.469473857402801514e+03
2.520957768587861210e+03
2.515846727371215820e+03
2.486013919830322266e+03
2.522470472335815430e+03
2.531766701936721802e+03
2.525793555915355682e+03
2.586214787364006042e+03
2.528886356055736542e+03
2.540001000046730042e+03
2.602699898600578308e+03
2.524315855026245117e+03
2.585610257148742676e+03
2.621428053975105286e+03
2.556520956516265869e+03
2.624361462593078613e+03
2.626421110153198242e+03
2.580241374969482422e+03
2.636397980213165283e+03
2.628145595908164978e+03
2.631024465560913086e+03
2.698997493743896484e+03
2.651787540912628174e+03
2.671368710994720459e+03
2.723710852026939392e+03
2.683889339387416840e+03
2.711928814291954041e+03
2.723728118181228638e+03
2.646342553853988647e+03
2.705204695463180542e+03
2.677412813425064087e+03
2.602746070861816406e+03
2.730868667125701904e+03
2.742600418090820312e+03
2.657483086585998535e+03
2.759493607521057129e+03
2.760362229585647583e+03
2.680516743063926697e+03
2.761480786450207233e+03
2.734194460391998291e+03
2.728969204902648926e+03
2.770809682846069336e+03
2.718381407618522644e+03
2.736377977669239044e+03
2.760197643160820007e+03
2.699068620085716248e+03
2.777236652851104736e+03
2.758693370342254639e+03
2.673424814343452454e+03
2.791758789062500000e+03
2.843443019866943359e+03
2.826584121704101562e+03
2.705180939674377441e+03
2.691330643653869629e+03
-1.276000000000000000e+03
2.660091831207275391e+03
2.634182477474212646e+03
2.590524263858795166e+03
2.676681782245635986e+03
2.638226363420486450e+03
2.605032723426818848e+03
2.647639384031295776e+03
2.610112605690956116e+03
2.641184841223061085e+03
2.689158074378967285e+03
2.633025177955627441e+03
2.708504295349121094e+03
2.714855034828186035e+03
2.624481853485107422e+03
2.729950391769409180e+03
2.700736396789550781e+03
2.634807360410690308e+03
2.690219332486391068e+03
2.683306105971336365e+03
2.607346708536148071e+03
2.693565760612487793e+03
2.664402903079986572e+03
2.601804714202880859e+03
2.661278786659240723e+03
2.605576374530792236e+03
2.632696624279022217e+03
2.665470567703247070e+03
2.623635562889743596e+03
2.647532529711723328e+03
2.680211869180202484e+03
2.573334309101104736e+03
2.638145464420318604e+03
2.654270596981048584e+03
2.555992397442460060e+03
2.672626663446426392e+03
2.598392849922180176e+03
2.532899469137191772e+03
2.636894704699516296e+03
2.590662011623382568e+03
2.542537832379341125e+03
2.669814853191375732e+03
2.584027501344680786e+03
2.626068822145462036e+03
2.680472696542739868e+03
2.584201883196830750e+03
2.657431236356496811e+03
2.675184311985969543e+03
2.501065372467041016e+03
2.523688025116920471e+03
2.551057144943624735e+03
2.448019632935523987e+03
2.577619672775268555e+03
2.564229042053222656e+03
2.483316484928131104e+03
2.584604794502258301e+03
2.586402992844581604e+03
2.527938567876815796e+03
2.612899921178817749e+03
2.602418208837509155e+03
2.559284904003143311e+03
2.653102948188781738e+03
2.609055498480796814e+03
2.602355457305908203e+03
2.657423984050750732e+03
2.575664380431175232e+03
2.631418709158897400e+03
2.683023193955421448e+03
2.578135816901922226e+03
2.649915236592292786e+03
2.642977712392807007e+03
2.534970683097839355e+03
2.630735197186470032e+03
2.683366523027420044e+03
2.597701083913445473e+03
2.666147928237915039e+03
2.622848516702651978e+03
2.595496871352195740e+03
2.674920808911323547e+03
2.616321372389793396e+03
2.575095734596252441e+03
2.646762458801269531e+03
2.534401325225830078e+03
2.576626115798950195e+03
2.673896761059761047e+03
2.570593921124935150e+03
2.658848326683044434e+03
2.704795514583587646e+03
2.585660678029060364e+03
2.672351587951183319e+03
2.692440896272659302e+03
2.593537413597106934e+03
2.678093348503112793e+03
2.639633769035339355e+03
2.546685274124145508e+03
2.627168302536010742e+03
-1.276000000000000000e+03
2.480289713814854622e+03
2.545153236389160156e+03
2.461446650505065918e+03
2.523056554794311523e+03
2.571824650287628174e+03
2.451489830493927002e+03
2.541207042217254639e+03
2.574905260086059570e+03
2.474593840837478638e+03
2.586521955013275146e+03
2.593931792542338371e+03
2.485684958457946777e+03
2.612525736302137375e+03
2.565577675938606262e+03
2.510201574325561523e+03
2.594684494256973267e+03
2.545486899614334106e+03
2.541450879380106926e+03
2.612651920139789581e+03
2.525798269882798195e+03
2.560896966457366943e+03
2.622717978715896606e+03
2.489009108066558838e+03
2.555683265686035156e+03
2.597047336816787720e+03
2.478681963562965393e+03
2.580262461185455322e+03
2.593092615187168121e+03
2.510999696850776672e+03
2.581798024742864072e+03
2.547034189105033875e+03
2.481123533010482788e+03
2.576812597036361694e+03
2.484543622940778732e+03
2.478396695137023926e+03
2.548614232063293457e+03
2.457473437547683716e+03
2.505608586949296296e+03
2.526174001693725586e+03
2.413371007919311523e+03
2.521438611686229706e+03
2.527706478834152222e+03
2.427210865259170532e+03
2.487174565315246582e+03
2.523702153444290161e+03
2.393022531032562256e+03
2.479968388080596924e+03
2.462706664323806763e+03
2.389187462806701660e+03
2.459359317779541016e+03
2.423093918085098267e+03
2.431085147857666016e+03
2.503587662458419800e+03
2.424425539731979370e+03
2.440413536787033081e+03
2.479083079457283020e+03
2.374178818464279175e+03
2.447297416210174561e+03
2.453892964720726013e+03
2.359931486606597900e+03
2.422875622510910034e+03
2.432768540382385254e+03
2.366684895992279053e+03
2.419604371547698975e+03
2.385248632669448853e+03
2.337559257030487061e+03
2.389164464622735977e+03
2.317049619913101196e+03
2.312815698623657227e+03
2.354246197700500488e+03
2.261319648742675781e+03
2.318220978438854218e+03
2.359498949050903320e+03
2.266339046001434326e+03
2.257673387527465820e+03
2.306458643913269043e+03
2.214572499275207520e+03
2.256289150238037109e+03
2.241334029436111450e+03
2.145675926327705383e+03
2.197109406828880310e+03
2.161353433132171631e+03
2.115250729560852051e+03
2.191860989391803741e+03
2.241326253652572632e+03
2.228928367853164673e+03
2.655990777611732483e+03
2.186796123027801514e+03
2.184001348972320557e+03
2.219317617416381836e+03
2.136441810607910156e+03
2.162569926261901855e+03
2.190093660354614258e+03
2.060243904829025269e+03
2.112503250598907471e+03
-1.276000000000000000e+03
1.992790260791778564e+03
2.089580525159835815e+03
2.085990602210164070e+03
2.019355481475591660e+03
2.089742926597595215e+03
2.063695911884307861e+03
2.048692018508911133e+03
2.117089090824127197e+03
2.042510403633117676e+03
2.059639197111129761e+03
2.136409794569015503e+03
2.042916854456067085e+03
2.070655838966369629e+03
2.116127503037452698e+03
2.041544446706771851e+03
2.042032871961593628e+03
2.088018684864044189e+03
2.034307335093617439e+03
2.072933753132820129e+03
2.074100857257843018e+03
2.006264213085174561e+03
2.037237500667572021e+03
2.030621218323707581e+03
1.932972531199455261e+03
1.973639202594757080e+03
1.928793032884597778e+03
1.927857873201370239e+03
1.960108703851699829e+03
1.907234107136726379e+03
1.940069563567638397e+03
1.960144449472427368e+03
1.903627295017242432e+03
1.931594637155532837e+03
1.943772964477539062e+03
1.903853056430816650e+03
1.940849146604537964e+03
1.934733455657958984e+03
1.884076182126998901e+03
1.904641328811645508e+03
1.874063891887664795e+03
1.841810115575790405e+03
1.869752589225769043e+03
1.817399752616882324e+03
1.817333359718322754e+03
1.806990294456481934e+03
1.729095681667327881e+03
1.761277824401855469e+03
1.793386414736509323e+03
1.762264091491699219e+03
1.766432288765907288e+03
1.746614496622234583e+03
1.670208306789398193e+03
1.687787835597991943e+03
1.632458904743194580e+03
1.564302867889404297e+03
1.525783536911010742e+03
1.479566998004913330e+03
1.416096446037292480e+03
1.408756259679794312e+03
1.396627814292907715e+03
1.359645570755004883e+03
1.365299582719802856e+03
1.299999592170119286e+03
1.232420711040496826e+03
1.248111271619796753e+03
1.152158944129943848e+03
1.116713703155517578e+03
1.096582870483398438e+03
1.004919660568237305e+03
9.983166856765747070e+02
9.957484512329101562e+02
9.398880597352981567e+02
1.003745347976684570e+03
9.844480562210083008e+02
9.097481808662414551e+02
9.272933282852172852e+02
8.900307731628417969e+02
8.163381832242012024e+02
8.260380821228027344e+02
7.852138977050781250e+02
7.449362583160400391e+02
7.632588229179382324e+02
7.103889923095703125e+02
7.148792219161987305e+02
7.357215519249439240e+02
6.869440189599990845e+02
6.824244698509573936e+02
6.793397896289825439e+02
6.401428861618041992e+02
6.164623239040374756e+02
5.933629668727517128e+02
5.372001082897186279e+02
5.383516693115234375e+02
4.907711267471313477e+02
4.665506520271301270e+02
-1.276000000000000000e+03
3.926599140167236328e+02
3.714087028503417969e+02
3.979031057357788086e+02
3.662316875457763672e+02
3.747213926315307617e+02
3.693578882217407227e+02
3.485415735244750977e+02
3.596262888908386230e+02
3.367624506950378418e+02
3.358085429668426514e+02
3.516881647109985352e+02
3.211926268339157104e+02
3.208550512790679932e+02
3.298786750435829163e+02
3.055226376652717590e+02
3.162845274209976196e+02
3.187167594432830811e+02
3.029937939643859863e+02
3.251309868097305298e+02
3.068779525756835938e+02
2.807338213920593262e+02
2.946330170631408691e+02
2.954782180786132812e+02
2.559227316379547119e+02
2.605332791805267334e+02
2.608293762207031250e+02
2.677113444209098816e+02
2.856228280067443848e+02
2.867560176849365234e+02
3.003490189313888550e+02
3.022604429721832275e+02
2.893826038837432861e+02
2.954728889465332031e+02
3.001421465873718262e+02
2.716638936996459961e+02
2.441180996894836426e+02
2.564441984295845032e+02
2.435204125642776489e+02
2.612203359603881836e+02
2.674856545925140381e+02
2.598053350448608398e+02
2.702021160125732422e+02
2.539806809425354004e+02
2.677095642089843750e+02
2.644146246910095215e+02
2.570569415092468262e+02
2.446158533096313477e+02
2.485991513729095459e+02
2.453849778175354004e+02
2.320586694180965424e+02
2.295742746889591217e+02
2.099747345447540283e+02
2.188542585372924805e+02
2.120457830429077148e+02
2.228418397903442383e+02
1.973583946228027344e+02
1.902048401832580566e+02
1.619550799131393433e+02
1.587453759014606476e+02
1.939070555567741394e+02
2.362513165473937988e+02
2.464303331375122070e+02
2.391928534507751465e+02
2.176574347019195557e+02
2.343951961994171143e+02
2.191584730148315430e+02
1.937197852134704590e+02
2.149491286277770996e+02
1.996450805664062500e+02
1.844674062728881836e+02
1.902191450595855713e+02
1.706029582619667053e+02
2.355866923332214355e+02
2.358297687768936157e+02
2.194688483476638794e+02
2.121315938234329224e+02
1.975961823463439941e+02
1.674633021354675293e+02
1.720272893905639648e+02
1.674361848831176758e+02
1.497691044807434082e+02
1.483778750896453857e+02
1.516156254410743713e+02
1.699092891216278076e+02
2.259336824417114258e+02
2.513303565979003906e+02
2.025641598701477051e+02
2.229157938957214355e+02
1.936890451908111572e+02
1.835402288436889648e+02
1.790215301513671875e+02
1.828821725845336914e+02
1.661085755825042725e+02
1.426255422234535217e+02
1.423074167966842651e+02
-1.276000000000000000e+03
1.686121430397033691e+02
2.302095360755920410e+02
2.291530413627624512e+02
2.156800241470336914e+02
2.012161121368408203e+02
2.014829077944159508e+02
1.917351941615343094e+02
1.793056404590606689e+02
1.723065310716629028e+02
1.720163421630859375e+02
1.746293807029724121e+02
1.867983729839324951e+02
2.093831615447998047e+02
2.147324068546295166e+02
2.075441608428955078e+02
2.057723536491394043e+02
1.955444157123565674e+02
1.833372647762298584e+02
1.885614309310913086e+02
1.755012646913528442e+02
1.600139980316162109e+02
1.548778162002563477e+02
1.648413095474243164e+02
1.552433171272277832e+02
1.930125734806060791e+02
1.969963889122009277e+02
2.050348114967346191e+02
3.096087560653686523e+02
2.058876744508743286e+02
2.033427767753601074e+02
1.864171196222305298e+02
1.936423149108886719e+02
1.838726406097412109e+02
1.745378627777099609e+02
1.807656655311584473e+02
2.010733046531677246e+02
2.159411585330963135e+02
2.266899309158325195e+02
2.029026435613632202e+02
2.080915426611900330e+02
2.008536167889833450e+02
1.748992969989776611e+02
1.753218059539794922e+02
1.724674763679504395e+02
1.644533958435058594e+02
1.558467912673950195e+02
1.344234943389892578e+02
1.255911786556243896e+02
2.181023106575012207e+02
1.871619651243090630e+02
2.101942496299743652e+02
2.224809498637914658e+02
2.168980824947357178e+02
1.868588523864746094e+02
1.841890416145324707e+02
1.454462499618530273e+02
1.902772722244262695e+02
1.699534096717834473e+02
1.209804725646972656e+02
1.822306358814239502e+02
2.180330886840820312e+02
1.889286291599273682e+02
2.462638854980468750e+02
1.849613004028797150e+02
1.922105441093444824e+02
2.282749090194702148e+02
1.971999855041503906e+02
1.939974336624145508e+02
1.953192200660705566e+02
1.266412193775177002e+02
1.818208352923393250e+02
2.227984142303466797e+02
2.074070512056350708e+02
2.575121538639068604e+02
2.178714518547058105e+02
1.839740049578249454e+02
2.199983754158020020e+02
1.690435175895690918e+02
1.609193820953369141e+02
1.993515582084655762e+02
1.643061995506286621e+02
1.347291629314422607e+02
1.628954901099205017e+02
1.686082616448402405e+02
2.313903546631336212e+02
2.296564050316810608e+02
1.821599984169006348e+02
2.116596460342407227e+02
1.936821432113647461e+02
1.625535650253295898e+02
1.902123069763183594e+02
1.650414075851440430e+02
1.141340255737304688e+02
1.512847160547971725e+02
1.198870515823364258e+02
1.757946186065673828e+02
2.492103939056396484e+02
2.025004873275756836e+02
2.026608595848083496e+02
2.284170909225940704e+02
1.787736091613769531e+02
1.921100044250488281e+02
1.835254793167114258e+02
1.268772830963134766e+02
1.595561695098876953e+02
1.293236446380615234e+02
9.689284086227416992e+01
1.912103180885314941e+02
2.246471586823463440e+02
2.081719477176666260e+02
2.150910320281982422e+02
2.056104643344879150e+02
1.888772053718566895e+02
1.931316585540771484e+02
1.454304537773132324e+02
1.363716907501220703e+02
1.553660168647766113e+02
1.359513611793518066e+02
1.478828787803649902e+02
2.028302114009857178e+02
2.116260820627212524e+02
2.382440500259399414e+02
2.317088237926363945e+02
1.767088276147842407e+02
1.845895590782165527e+02
1.856970534324645996e+02
1.333870906829833984e+02
1.568789501190185547e+02
1.231806017160415649e+02
1.237490000724792480e+02
